(kicad_pcb (version 20171130) (host pcbnew 5.1.6-c6e7f7d~87~ubuntu18.04.1)

  (general
    (thickness 1.6)
    (drawings 20)
    (tracks 147)
    (zones 0)
    (modules 19)
    (nets 13)
  )

  (page A4)
  (layers
    (0 Top signal)
    (31 Bottom signal)
    (32 B.Adhes user)
    (33 F.Adhes user)
    (34 B.Paste user)
    (35 F.Paste user)
    (36 B.SilkS user)
    (37 F.SilkS user)
    (38 B.Mask user)
    (39 F.Mask user)
    (40 Dwgs.User user hide)
    (41 Cmts.User user)
    (42 Eco1.User user)
    (43 Eco2.User user)
    (44 Edge.Cuts user)
    (45 Margin user)
    (46 B.CrtYd user)
    (47 F.CrtYd user)
    (48 B.Fab user hide)
    (49 F.Fab user hide)
  )

  (setup
    (last_trace_width 0.25)
    (trace_clearance 0.2)
    (zone_clearance 0.508)
    (zone_45_only no)
    (trace_min 0.2)
    (via_size 0.8)
    (via_drill 0.4)
    (via_min_size 0.4)
    (via_min_drill 0.3)
    (uvia_size 0.3)
    (uvia_drill 0.1)
    (uvias_allowed no)
    (uvia_min_size 0.2)
    (uvia_min_drill 0.1)
    (edge_width 0.05)
    (segment_width 0.2)
    (pcb_text_width 0.3)
    (pcb_text_size 1.5 1.5)
    (mod_edge_width 0.12)
    (mod_text_size 1 1)
    (mod_text_width 0.15)
    (pad_size 1.524 1.524)
    (pad_drill 0.762)
    (pad_to_mask_clearance 0.051)
    (solder_mask_min_width 0.25)
    (aux_axis_origin 0 0)
    (grid_origin 99.314 109.728)
    (visible_elements FFFFFF7F)
    (pcbplotparams
      (layerselection 0x010fc_ffffffff)
      (usegerberextensions false)
      (usegerberattributes false)
      (usegerberadvancedattributes false)
      (creategerberjobfile false)
      (excludeedgelayer true)
      (linewidth 0.100000)
      (plotframeref false)
      (viasonmask false)
      (mode 1)
      (useauxorigin false)
      (hpglpennumber 1)
      (hpglpenspeed 20)
      (hpglpendiameter 15.000000)
      (psnegative false)
      (psa4output false)
      (plotreference true)
      (plotvalue true)
      (plotinvisibletext false)
      (padsonsilk false)
      (subtractmaskfromsilk false)
      (outputformat 1)
      (mirror false)
      (drillshape 1)
      (scaleselection 1)
      (outputdirectory ""))
  )

  (net 0 "")
  (net 1 GND)
  (net 2 +12V)
  (net 3 -12V)
  (net 4 "Net-(IC1-Pad5)")
  (net 5 "Net-(IC1-Pad6)")
  (net 6 "Net-(C2-Pad1)")
  (net 7 "Net-(C3-Pad2)")
  (net 8 "Net-(C1-Pad2)")
  (net 9 "Net-(R3-Pad2)")
  (net 10 "Net-(R4-Pad1)")
  (net 11 "Net-(C1-Pad1)")
  (net 12 "Net-(OUT1-PadP$1_TIP)")

  (net_class Default "This is the default net class."
    (clearance 0.2)
    (trace_width 0.25)
    (via_dia 0.8)
    (via_drill 0.4)
    (uvia_dia 0.3)
    (uvia_drill 0.1)
    (add_net +12V)
    (add_net -12V)
    (add_net GND)
    (add_net "Net-(C1-Pad1)")
    (add_net "Net-(C1-Pad2)")
    (add_net "Net-(C2-Pad1)")
    (add_net "Net-(C3-Pad2)")
    (add_net "Net-(IC1-Pad5)")
    (add_net "Net-(IC1-Pad6)")
    (add_net "Net-(IN1-PadP$2_SWITCH)")
    (add_net "Net-(OUT1-PadP$1_TIP)")
    (add_net "Net-(OUT1-PadP$2_SWITCH)")
    (add_net "Net-(R3-Pad2)")
    (add_net "Net-(R4-Pad1)")
  )

  (module Diode_SMD:D_SOD-323_HandSoldering (layer Bottom) (tedit 58641869) (tstamp 5DAA2E70)
    (at 176.022 102.362 180)
    (descr SOD-323)
    (tags SOD-323)
    (path /5DF65540)
    (attr smd)
    (fp_text reference D2 (at 0.508 -1.778) (layer B.SilkS)
      (effects (font (size 0.75 0.75) (thickness 0.15)) (justify mirror))
    )
    (fp_text value 1N4148WS (at 0.1 -1.9) (layer B.Fab)
      (effects (font (size 1 1) (thickness 0.15)) (justify mirror))
    )
    (fp_line (start -1.9 0.85) (end 1.25 0.85) (layer B.SilkS) (width 0.12))
    (fp_line (start -1.9 -0.85) (end 1.25 -0.85) (layer B.SilkS) (width 0.12))
    (fp_line (start -2 0.95) (end -2 -0.95) (layer B.CrtYd) (width 0.05))
    (fp_line (start -2 -0.95) (end 2 -0.95) (layer B.CrtYd) (width 0.05))
    (fp_line (start 2 0.95) (end 2 -0.95) (layer B.CrtYd) (width 0.05))
    (fp_line (start -2 0.95) (end 2 0.95) (layer B.CrtYd) (width 0.05))
    (fp_line (start -0.9 0.7) (end 0.9 0.7) (layer B.Fab) (width 0.1))
    (fp_line (start 0.9 0.7) (end 0.9 -0.7) (layer B.Fab) (width 0.1))
    (fp_line (start 0.9 -0.7) (end -0.9 -0.7) (layer B.Fab) (width 0.1))
    (fp_line (start -0.9 -0.7) (end -0.9 0.7) (layer B.Fab) (width 0.1))
    (fp_line (start -0.3 0.35) (end -0.3 -0.35) (layer B.Fab) (width 0.1))
    (fp_line (start -0.3 0) (end -0.5 0) (layer B.Fab) (width 0.1))
    (fp_line (start -0.3 0) (end 0.2 0.35) (layer B.Fab) (width 0.1))
    (fp_line (start 0.2 0.35) (end 0.2 -0.35) (layer B.Fab) (width 0.1))
    (fp_line (start 0.2 -0.35) (end -0.3 0) (layer B.Fab) (width 0.1))
    (fp_line (start 0.2 0) (end 0.45 0) (layer B.Fab) (width 0.1))
    (fp_line (start -1.9 0.85) (end -1.9 -0.85) (layer B.SilkS) (width 0.12))
    (fp_text user %R (at 0 1.85) (layer B.Fab)
      (effects (font (size 1 1) (thickness 0.15)) (justify mirror))
    )
    (pad 2 smd rect (at 1.25 0 180) (size 1 1) (layers Bottom B.Paste B.Mask)
      (net 3 -12V))
    (pad 1 smd rect (at -1.25 0 180) (size 1 1) (layers Bottom B.Paste B.Mask)
      (net 1 GND))
    (model ${KISYS3DMOD}/Diode_SMD.3dshapes/D_SOD-323.wrl
      (at (xyz 0 0 0))
      (scale (xyz 1 1 1))
      (rotate (xyz 0 0 0))
    )
  )

  (module Diode_SMD:D_SOD-323_HandSoldering (layer Bottom) (tedit 58641869) (tstamp 5DAA310C)
    (at 175.768 107.442)
    (descr SOD-323)
    (tags SOD-323)
    (path /5DF64B11)
    (attr smd)
    (fp_text reference D1 (at -0.254 -1.524) (layer B.SilkS)
      (effects (font (size 0.75 0.75) (thickness 0.15)) (justify mirror))
    )
    (fp_text value 1N4148WS (at 0.1 -1.9) (layer B.Fab)
      (effects (font (size 1 1) (thickness 0.15)) (justify mirror))
    )
    (fp_line (start -1.9 0.85) (end 1.25 0.85) (layer B.SilkS) (width 0.12))
    (fp_line (start -1.9 -0.85) (end 1.25 -0.85) (layer B.SilkS) (width 0.12))
    (fp_line (start -2 0.95) (end -2 -0.95) (layer B.CrtYd) (width 0.05))
    (fp_line (start -2 -0.95) (end 2 -0.95) (layer B.CrtYd) (width 0.05))
    (fp_line (start 2 0.95) (end 2 -0.95) (layer B.CrtYd) (width 0.05))
    (fp_line (start -2 0.95) (end 2 0.95) (layer B.CrtYd) (width 0.05))
    (fp_line (start -0.9 0.7) (end 0.9 0.7) (layer B.Fab) (width 0.1))
    (fp_line (start 0.9 0.7) (end 0.9 -0.7) (layer B.Fab) (width 0.1))
    (fp_line (start 0.9 -0.7) (end -0.9 -0.7) (layer B.Fab) (width 0.1))
    (fp_line (start -0.9 -0.7) (end -0.9 0.7) (layer B.Fab) (width 0.1))
    (fp_line (start -0.3 0.35) (end -0.3 -0.35) (layer B.Fab) (width 0.1))
    (fp_line (start -0.3 0) (end -0.5 0) (layer B.Fab) (width 0.1))
    (fp_line (start -0.3 0) (end 0.2 0.35) (layer B.Fab) (width 0.1))
    (fp_line (start 0.2 0.35) (end 0.2 -0.35) (layer B.Fab) (width 0.1))
    (fp_line (start 0.2 -0.35) (end -0.3 0) (layer B.Fab) (width 0.1))
    (fp_line (start 0.2 0) (end 0.45 0) (layer B.Fab) (width 0.1))
    (fp_line (start -1.9 0.85) (end -1.9 -0.85) (layer B.SilkS) (width 0.12))
    (fp_text user %R (at 0 1.85) (layer B.Fab)
      (effects (font (size 1 1) (thickness 0.15)) (justify mirror))
    )
    (pad 2 smd rect (at 1.25 0) (size 1 1) (layers Bottom B.Paste B.Mask)
      (net 1 GND))
    (pad 1 smd rect (at -1.25 0) (size 1 1) (layers Bottom B.Paste B.Mask)
      (net 2 +12V))
    (model ${KISYS3DMOD}/Diode_SMD.3dshapes/D_SOD-323.wrl
      (at (xyz 0 0 0))
      (scale (xyz 1 1 1))
      (rotate (xyz 0 0 0))
    )
  )

  (module Resistor_SMD:R_0805_2012Metric_Pad1.15x1.40mm_HandSolder (layer Top) (tedit 5B36C52B) (tstamp 5DAA19A8)
    (at 178.219 107.523 180)
    (descr "Resistor SMD 0805 (2012 Metric), square (rectangular) end terminal, IPC_7351 nominal with elongated pad for handsoldering. (Body size source: https://docs.google.com/spreadsheets/d/1BsfQQcO9C6DZCsRaXUlFlo91Tg2WpOkGARC1WS5S8t0/edit?usp=sharing), generated with kicad-footprint-generator")
    (tags "resistor handsolder")
    (path /84512946)
    (attr smd)
    (fp_text reference R4 (at -0.088639 1.60488) (layer F.SilkS)
      (effects (font (size 0.75 0.75) (thickness 0.15)))
    )
    (fp_text value FERRITE (at 0 1.65) (layer F.Fab)
      (effects (font (size 1 1) (thickness 0.15)))
    )
    (fp_line (start 1.85 0.95) (end -1.85 0.95) (layer F.CrtYd) (width 0.05))
    (fp_line (start 1.85 -0.95) (end 1.85 0.95) (layer F.CrtYd) (width 0.05))
    (fp_line (start -1.85 -0.95) (end 1.85 -0.95) (layer F.CrtYd) (width 0.05))
    (fp_line (start -1.85 0.95) (end -1.85 -0.95) (layer F.CrtYd) (width 0.05))
    (fp_line (start -0.261252 0.71) (end 0.261252 0.71) (layer F.SilkS) (width 0.12))
    (fp_line (start -0.261252 -0.71) (end 0.261252 -0.71) (layer F.SilkS) (width 0.12))
    (fp_line (start 1 0.6) (end -1 0.6) (layer F.Fab) (width 0.1))
    (fp_line (start 1 -0.6) (end 1 0.6) (layer F.Fab) (width 0.1))
    (fp_line (start -1 -0.6) (end 1 -0.6) (layer F.Fab) (width 0.1))
    (fp_line (start -1 0.6) (end -1 -0.6) (layer F.Fab) (width 0.1))
    (fp_text user %R (at 0 0) (layer F.Fab)
      (effects (font (size 0.75 0.75) (thickness 0.08)))
    )
    (pad 2 smd roundrect (at 1.025 0 180) (size 1.15 1.4) (layers Top F.Paste F.Mask) (roundrect_rratio 0.217391)
      (net 2 +12V))
    (pad 1 smd roundrect (at -1.025 0 180) (size 1.15 1.4) (layers Top F.Paste F.Mask) (roundrect_rratio 0.217391)
      (net 10 "Net-(R4-Pad1)"))
    (model ${KISYS3DMOD}/Resistor_SMD.3dshapes/R_0805_2012Metric.wrl
      (at (xyz 0 0 0))
      (scale (xyz 1 1 1))
      (rotate (xyz 0 0 0))
    )
  )

  (module Resistor_SMD:R_0805_2012Metric_Pad1.15x1.40mm_HandSolder (layer Top) (tedit 5B36C52B) (tstamp 5DAA199A)
    (at 178.219 102.443 180)
    (descr "Resistor SMD 0805 (2012 Metric), square (rectangular) end terminal, IPC_7351 nominal with elongated pad for handsoldering. (Body size source: https://docs.google.com/spreadsheets/d/1BsfQQcO9C6DZCsRaXUlFlo91Tg2WpOkGARC1WS5S8t0/edit?usp=sharing), generated with kicad-footprint-generator")
    (tags "resistor handsolder")
    (path /3A8F2A9F)
    (attr smd)
    (fp_text reference R3 (at 0 -1.65) (layer F.SilkS)
      (effects (font (size 0.75 0.75) (thickness 0.15)))
    )
    (fp_text value FERRITE (at 0 1.65) (layer F.Fab)
      (effects (font (size 1 1) (thickness 0.15)))
    )
    (fp_line (start 1.85 0.95) (end -1.85 0.95) (layer F.CrtYd) (width 0.05))
    (fp_line (start 1.85 -0.95) (end 1.85 0.95) (layer F.CrtYd) (width 0.05))
    (fp_line (start -1.85 -0.95) (end 1.85 -0.95) (layer F.CrtYd) (width 0.05))
    (fp_line (start -1.85 0.95) (end -1.85 -0.95) (layer F.CrtYd) (width 0.05))
    (fp_line (start -0.261252 0.71) (end 0.261252 0.71) (layer F.SilkS) (width 0.12))
    (fp_line (start -0.261252 -0.71) (end 0.261252 -0.71) (layer F.SilkS) (width 0.12))
    (fp_line (start 1 0.6) (end -1 0.6) (layer F.Fab) (width 0.1))
    (fp_line (start 1 -0.6) (end 1 0.6) (layer F.Fab) (width 0.1))
    (fp_line (start -1 -0.6) (end 1 -0.6) (layer F.Fab) (width 0.1))
    (fp_line (start -1 0.6) (end -1 -0.6) (layer F.Fab) (width 0.1))
    (fp_text user %R (at 0 0) (layer F.Fab)
      (effects (font (size 0.75 0.75) (thickness 0.08)))
    )
    (pad 2 smd roundrect (at 1.025 0 180) (size 1.15 1.4) (layers Top F.Paste F.Mask) (roundrect_rratio 0.217391)
      (net 9 "Net-(R3-Pad2)"))
    (pad 1 smd roundrect (at -1.025 0 180) (size 1.15 1.4) (layers Top F.Paste F.Mask) (roundrect_rratio 0.217391)
      (net 3 -12V))
    (model ${KISYS3DMOD}/Resistor_SMD.3dshapes/R_0805_2012Metric.wrl
      (at (xyz 0 0 0))
      (scale (xyz 1 1 1))
      (rotate (xyz 0 0 0))
    )
  )

  (module Resistor_SMD:R_0805_2012Metric_Pad1.15x1.40mm_HandSolder (layer Bottom) (tedit 5B36C52B) (tstamp 5DAA1A13)
    (at 121.412 107.95 180)
    (descr "Resistor SMD 0805 (2012 Metric), square (rectangular) end terminal, IPC_7351 nominal with elongated pad for handsoldering. (Body size source: https://docs.google.com/spreadsheets/d/1BsfQQcO9C6DZCsRaXUlFlo91Tg2WpOkGARC1WS5S8t0/edit?usp=sharing), generated with kicad-footprint-generator")
    (tags "resistor handsolder")
    (path /1452DE6A)
    (attr smd)
    (fp_text reference R2 (at 0 1.65) (layer B.SilkS)
      (effects (font (size 0.75 0.75) (thickness 0.15)) (justify mirror))
    )
    (fp_text value 100k (at 0 -1.65) (layer B.Fab)
      (effects (font (size 1 1) (thickness 0.15)) (justify mirror))
    )
    (fp_line (start 1.85 -0.95) (end -1.85 -0.95) (layer B.CrtYd) (width 0.05))
    (fp_line (start 1.85 0.95) (end 1.85 -0.95) (layer B.CrtYd) (width 0.05))
    (fp_line (start -1.85 0.95) (end 1.85 0.95) (layer B.CrtYd) (width 0.05))
    (fp_line (start -1.85 -0.95) (end -1.85 0.95) (layer B.CrtYd) (width 0.05))
    (fp_line (start -0.261252 -0.71) (end 0.261252 -0.71) (layer B.SilkS) (width 0.12))
    (fp_line (start -0.261252 0.71) (end 0.261252 0.71) (layer B.SilkS) (width 0.12))
    (fp_line (start 1 -0.6) (end -1 -0.6) (layer B.Fab) (width 0.1))
    (fp_line (start 1 0.6) (end 1 -0.6) (layer B.Fab) (width 0.1))
    (fp_line (start -1 0.6) (end 1 0.6) (layer B.Fab) (width 0.1))
    (fp_line (start -1 -0.6) (end -1 0.6) (layer B.Fab) (width 0.1))
    (fp_text user %R (at 0 0) (layer B.Fab)
      (effects (font (size 0.75 0.75) (thickness 0.08)) (justify mirror))
    )
    (pad 2 smd roundrect (at 1.025 0 180) (size 1.15 1.4) (layers Bottom B.Paste B.Mask) (roundrect_rratio 0.217391)
      (net 4 "Net-(IC1-Pad5)"))
    (pad 1 smd roundrect (at -1.025 0 180) (size 1.15 1.4) (layers Bottom B.Paste B.Mask) (roundrect_rratio 0.217391)
      (net 1 GND))
    (model ${KISYS3DMOD}/Resistor_SMD.3dshapes/R_0805_2012Metric.wrl
      (at (xyz 0 0 0))
      (scale (xyz 1 1 1))
      (rotate (xyz 0 0 0))
    )
  )

  (module Resistor_SMD:R_0805_2012Metric_Pad1.15x1.40mm_HandSolder (layer Bottom) (tedit 5B36C52B) (tstamp 5DAA198C)
    (at 106.426 104.902 180)
    (descr "Resistor SMD 0805 (2012 Metric), square (rectangular) end terminal, IPC_7351 nominal with elongated pad for handsoldering. (Body size source: https://docs.google.com/spreadsheets/d/1BsfQQcO9C6DZCsRaXUlFlo91Tg2WpOkGARC1WS5S8t0/edit?usp=sharing), generated with kicad-footprint-generator")
    (tags "resistor handsolder")
    (path /4B3B8125)
    (attr smd)
    (fp_text reference R1 (at 0 1.65) (layer B.SilkS)
      (effects (font (size 0.75 0.75) (thickness 0.15)) (justify mirror))
    )
    (fp_text value 1k (at 0 -1.65) (layer B.Fab)
      (effects (font (size 1 1) (thickness 0.15)) (justify mirror))
    )
    (fp_line (start 1.85 -0.95) (end -1.85 -0.95) (layer B.CrtYd) (width 0.05))
    (fp_line (start 1.85 0.95) (end 1.85 -0.95) (layer B.CrtYd) (width 0.05))
    (fp_line (start -1.85 0.95) (end 1.85 0.95) (layer B.CrtYd) (width 0.05))
    (fp_line (start -1.85 -0.95) (end -1.85 0.95) (layer B.CrtYd) (width 0.05))
    (fp_line (start -0.261252 -0.71) (end 0.261252 -0.71) (layer B.SilkS) (width 0.12))
    (fp_line (start -0.261252 0.71) (end 0.261252 0.71) (layer B.SilkS) (width 0.12))
    (fp_line (start 1 -0.6) (end -1 -0.6) (layer B.Fab) (width 0.1))
    (fp_line (start 1 0.6) (end 1 -0.6) (layer B.Fab) (width 0.1))
    (fp_line (start -1 0.6) (end 1 0.6) (layer B.Fab) (width 0.1))
    (fp_line (start -1 -0.6) (end -1 0.6) (layer B.Fab) (width 0.1))
    (fp_text user %R (at 0 0) (layer B.Fab)
      (effects (font (size 0.75 0.75) (thickness 0.08)) (justify mirror))
    )
    (pad 2 smd roundrect (at 1.025 0 180) (size 1.15 1.4) (layers Bottom B.Paste B.Mask) (roundrect_rratio 0.217391)
      (net 12 "Net-(OUT1-PadP$1_TIP)"))
    (pad 1 smd roundrect (at -1.025 0 180) (size 1.15 1.4) (layers Bottom B.Paste B.Mask) (roundrect_rratio 0.217391)
      (net 6 "Net-(C2-Pad1)"))
    (model ${KISYS3DMOD}/Resistor_SMD.3dshapes/R_0805_2012Metric.wrl
      (at (xyz 0 0 0))
      (scale (xyz 1 1 1))
      (rotate (xyz 0 0 0))
    )
  )

  (module Capacitor_SMD:C_0805_2012Metric_Pad1.15x1.40mm_HandSolder (layer Top) (tedit 5B36C52B) (tstamp 5DAA194A)
    (at 173.139 102.443 180)
    (descr "Capacitor SMD 0805 (2012 Metric), square (rectangular) end terminal, IPC_7351 nominal with elongated pad for handsoldering. (Body size source: https://docs.google.com/spreadsheets/d/1BsfQQcO9C6DZCsRaXUlFlo91Tg2WpOkGARC1WS5S8t0/edit?usp=sharing), generated with kicad-footprint-generator")
    (tags "capacitor handsolder")
    (path /BFDA6602)
    (attr smd)
    (fp_text reference C9 (at 0 -1.65) (layer F.SilkS)
      (effects (font (size 0.75 0.75) (thickness 0.15)))
    )
    (fp_text value 10u (at 0 1.65) (layer F.Fab)
      (effects (font (size 1 1) (thickness 0.15)))
    )
    (fp_line (start 1.85 0.95) (end -1.85 0.95) (layer F.CrtYd) (width 0.05))
    (fp_line (start 1.85 -0.95) (end 1.85 0.95) (layer F.CrtYd) (width 0.05))
    (fp_line (start -1.85 -0.95) (end 1.85 -0.95) (layer F.CrtYd) (width 0.05))
    (fp_line (start -1.85 0.95) (end -1.85 -0.95) (layer F.CrtYd) (width 0.05))
    (fp_line (start -0.261252 0.71) (end 0.261252 0.71) (layer F.SilkS) (width 0.12))
    (fp_line (start -0.261252 -0.71) (end 0.261252 -0.71) (layer F.SilkS) (width 0.12))
    (fp_line (start 1 0.6) (end -1 0.6) (layer F.Fab) (width 0.1))
    (fp_line (start 1 -0.6) (end 1 0.6) (layer F.Fab) (width 0.1))
    (fp_line (start -1 -0.6) (end 1 -0.6) (layer F.Fab) (width 0.1))
    (fp_line (start -1 0.6) (end -1 -0.6) (layer F.Fab) (width 0.1))
    (fp_text user %R (at 0 0) (layer F.Fab)
      (effects (font (size 0.75 0.75) (thickness 0.08)))
    )
    (pad 2 smd roundrect (at 1.025 0 180) (size 1.15 1.4) (layers Top F.Paste F.Mask) (roundrect_rratio 0.217391)
      (net 3 -12V))
    (pad 1 smd roundrect (at -1.025 0 180) (size 1.15 1.4) (layers Top F.Paste F.Mask) (roundrect_rratio 0.217391)
      (net 1 GND))
    (model ${KISYS3DMOD}/Capacitor_SMD.3dshapes/C_0805_2012Metric.wrl
      (at (xyz 0 0 0))
      (scale (xyz 1 1 1))
      (rotate (xyz 0 0 0))
    )
  )

  (module Capacitor_SMD:C_0805_2012Metric_Pad1.15x1.40mm_HandSolder (layer Top) (tedit 5B36C52B) (tstamp 5DAA193C)
    (at 173.139 107.523)
    (descr "Capacitor SMD 0805 (2012 Metric), square (rectangular) end terminal, IPC_7351 nominal with elongated pad for handsoldering. (Body size source: https://docs.google.com/spreadsheets/d/1BsfQQcO9C6DZCsRaXUlFlo91Tg2WpOkGARC1WS5S8t0/edit?usp=sharing), generated with kicad-footprint-generator")
    (tags "capacitor handsolder")
    (path /FA2D35D6)
    (attr smd)
    (fp_text reference C8 (at 0 -1.65) (layer F.SilkS)
      (effects (font (size 0.75 0.75) (thickness 0.15)))
    )
    (fp_text value 10u (at 0 1.65) (layer F.Fab)
      (effects (font (size 1 1) (thickness 0.15)))
    )
    (fp_line (start 1.85 0.95) (end -1.85 0.95) (layer F.CrtYd) (width 0.05))
    (fp_line (start 1.85 -0.95) (end 1.85 0.95) (layer F.CrtYd) (width 0.05))
    (fp_line (start -1.85 -0.95) (end 1.85 -0.95) (layer F.CrtYd) (width 0.05))
    (fp_line (start -1.85 0.95) (end -1.85 -0.95) (layer F.CrtYd) (width 0.05))
    (fp_line (start -0.261252 0.71) (end 0.261252 0.71) (layer F.SilkS) (width 0.12))
    (fp_line (start -0.261252 -0.71) (end 0.261252 -0.71) (layer F.SilkS) (width 0.12))
    (fp_line (start 1 0.6) (end -1 0.6) (layer F.Fab) (width 0.1))
    (fp_line (start 1 -0.6) (end 1 0.6) (layer F.Fab) (width 0.1))
    (fp_line (start -1 -0.6) (end 1 -0.6) (layer F.Fab) (width 0.1))
    (fp_line (start -1 0.6) (end -1 -0.6) (layer F.Fab) (width 0.1))
    (fp_text user %R (at 0 0) (layer F.Fab)
      (effects (font (size 0.75 0.75) (thickness 0.08)))
    )
    (pad 2 smd roundrect (at 1.025 0) (size 1.15 1.4) (layers Top F.Paste F.Mask) (roundrect_rratio 0.217391)
      (net 1 GND))
    (pad 1 smd roundrect (at -1.025 0) (size 1.15 1.4) (layers Top F.Paste F.Mask) (roundrect_rratio 0.217391)
      (net 2 +12V))
    (model ${KISYS3DMOD}/Capacitor_SMD.3dshapes/C_0805_2012Metric.wrl
      (at (xyz 0 0 0))
      (scale (xyz 1 1 1))
      (rotate (xyz 0 0 0))
    )
  )

  (module Capacitor_SMD:C_0805_2012Metric_Pad1.15x1.40mm_HandSolder (layer Bottom) (tedit 5B36C52B) (tstamp 5DAA192E)
    (at 136.398 107.95)
    (descr "Capacitor SMD 0805 (2012 Metric), square (rectangular) end terminal, IPC_7351 nominal with elongated pad for handsoldering. (Body size source: https://docs.google.com/spreadsheets/d/1BsfQQcO9C6DZCsRaXUlFlo91Tg2WpOkGARC1WS5S8t0/edit?usp=sharing), generated with kicad-footprint-generator")
    (tags "capacitor handsolder")
    (path /1FECCBCE)
    (attr smd)
    (fp_text reference C5 (at -2.54 0 90) (layer B.SilkS)
      (effects (font (size 0.75 0.75) (thickness 0.15)) (justify mirror))
    )
    (fp_text value 0.1u (at 0 -1.65) (layer B.Fab)
      (effects (font (size 1 1) (thickness 0.15)) (justify mirror))
    )
    (fp_line (start 1.85 -0.95) (end -1.85 -0.95) (layer B.CrtYd) (width 0.05))
    (fp_line (start 1.85 0.95) (end 1.85 -0.95) (layer B.CrtYd) (width 0.05))
    (fp_line (start -1.85 0.95) (end 1.85 0.95) (layer B.CrtYd) (width 0.05))
    (fp_line (start -1.85 -0.95) (end -1.85 0.95) (layer B.CrtYd) (width 0.05))
    (fp_line (start -0.261252 -0.71) (end 0.261252 -0.71) (layer B.SilkS) (width 0.12))
    (fp_line (start -0.261252 0.71) (end 0.261252 0.71) (layer B.SilkS) (width 0.12))
    (fp_line (start 1 -0.6) (end -1 -0.6) (layer B.Fab) (width 0.1))
    (fp_line (start 1 0.6) (end 1 -0.6) (layer B.Fab) (width 0.1))
    (fp_line (start -1 0.6) (end 1 0.6) (layer B.Fab) (width 0.1))
    (fp_line (start -1 -0.6) (end -1 0.6) (layer B.Fab) (width 0.1))
    (fp_text user %R (at 0 0) (layer B.Fab)
      (effects (font (size 0.75 0.75) (thickness 0.08)) (justify mirror))
    )
    (pad 2 smd roundrect (at 1.025 0) (size 1.15 1.4) (layers Bottom B.Paste B.Mask) (roundrect_rratio 0.217391)
      (net 1 GND))
    (pad 1 smd roundrect (at -1.025 0) (size 1.15 1.4) (layers Bottom B.Paste B.Mask) (roundrect_rratio 0.217391)
      (net 3 -12V))
    (model ${KISYS3DMOD}/Capacitor_SMD.3dshapes/C_0805_2012Metric.wrl
      (at (xyz 0 0 0))
      (scale (xyz 1 1 1))
      (rotate (xyz 0 0 0))
    )
  )

  (module Capacitor_SMD:C_0805_2012Metric_Pad1.15x1.40mm_HandSolder (layer Bottom) (tedit 5B36C52B) (tstamp 5DAA1920)
    (at 121.412 102.108)
    (descr "Capacitor SMD 0805 (2012 Metric), square (rectangular) end terminal, IPC_7351 nominal with elongated pad for handsoldering. (Body size source: https://docs.google.com/spreadsheets/d/1BsfQQcO9C6DZCsRaXUlFlo91Tg2WpOkGARC1WS5S8t0/edit?usp=sharing), generated with kicad-footprint-generator")
    (tags "capacitor handsolder")
    (path /CEB2E16B)
    (attr smd)
    (fp_text reference C4 (at 0 1.65) (layer B.SilkS)
      (effects (font (size 0.75 0.75) (thickness 0.15)) (justify mirror))
    )
    (fp_text value 0.1u (at 0 -1.65) (layer B.Fab)
      (effects (font (size 1 1) (thickness 0.15)) (justify mirror))
    )
    (fp_line (start 1.85 -0.95) (end -1.85 -0.95) (layer B.CrtYd) (width 0.05))
    (fp_line (start 1.85 0.95) (end 1.85 -0.95) (layer B.CrtYd) (width 0.05))
    (fp_line (start -1.85 0.95) (end 1.85 0.95) (layer B.CrtYd) (width 0.05))
    (fp_line (start -1.85 -0.95) (end -1.85 0.95) (layer B.CrtYd) (width 0.05))
    (fp_line (start -0.261252 -0.71) (end 0.261252 -0.71) (layer B.SilkS) (width 0.12))
    (fp_line (start -0.261252 0.71) (end 0.261252 0.71) (layer B.SilkS) (width 0.12))
    (fp_line (start 1 -0.6) (end -1 -0.6) (layer B.Fab) (width 0.1))
    (fp_line (start 1 0.6) (end 1 -0.6) (layer B.Fab) (width 0.1))
    (fp_line (start -1 0.6) (end 1 0.6) (layer B.Fab) (width 0.1))
    (fp_line (start -1 -0.6) (end -1 0.6) (layer B.Fab) (width 0.1))
    (fp_text user %R (at 0 0) (layer B.Fab)
      (effects (font (size 0.75 0.75) (thickness 0.08)) (justify mirror))
    )
    (pad 2 smd roundrect (at 1.025 0) (size 1.15 1.4) (layers Bottom B.Paste B.Mask) (roundrect_rratio 0.217391)
      (net 1 GND))
    (pad 1 smd roundrect (at -1.025 0) (size 1.15 1.4) (layers Bottom B.Paste B.Mask) (roundrect_rratio 0.217391)
      (net 2 +12V))
    (model ${KISYS3DMOD}/Capacitor_SMD.3dshapes/C_0805_2012Metric.wrl
      (at (xyz 0 0 0))
      (scale (xyz 1 1 1))
      (rotate (xyz 0 0 0))
    )
  )

  (module Capacitor_SMD:C_0805_2012Metric_Pad1.15x1.40mm_HandSolder (layer Bottom) (tedit 5B36C52B) (tstamp 5DAA1912)
    (at 136.398 104.902 180)
    (descr "Capacitor SMD 0805 (2012 Metric), square (rectangular) end terminal, IPC_7351 nominal with elongated pad for handsoldering. (Body size source: https://docs.google.com/spreadsheets/d/1BsfQQcO9C6DZCsRaXUlFlo91Tg2WpOkGARC1WS5S8t0/edit?usp=sharing), generated with kicad-footprint-generator")
    (tags "capacitor handsolder")
    (path /EC1A52D1)
    (attr smd)
    (fp_text reference C3 (at 2.54 3.048 90) (layer B.SilkS)
      (effects (font (size 0.75 0.75) (thickness 0.15)) (justify mirror))
    )
    (fp_text value 0.1u (at 0 -1.65) (layer B.Fab)
      (effects (font (size 1 1) (thickness 0.15)) (justify mirror))
    )
    (fp_line (start 1.85 -0.95) (end -1.85 -0.95) (layer B.CrtYd) (width 0.05))
    (fp_line (start 1.85 0.95) (end 1.85 -0.95) (layer B.CrtYd) (width 0.05))
    (fp_line (start -1.85 0.95) (end 1.85 0.95) (layer B.CrtYd) (width 0.05))
    (fp_line (start -1.85 -0.95) (end -1.85 0.95) (layer B.CrtYd) (width 0.05))
    (fp_line (start -0.261252 -0.71) (end 0.261252 -0.71) (layer B.SilkS) (width 0.12))
    (fp_line (start -0.261252 0.71) (end 0.261252 0.71) (layer B.SilkS) (width 0.12))
    (fp_line (start 1 -0.6) (end -1 -0.6) (layer B.Fab) (width 0.1))
    (fp_line (start 1 0.6) (end 1 -0.6) (layer B.Fab) (width 0.1))
    (fp_line (start -1 0.6) (end 1 0.6) (layer B.Fab) (width 0.1))
    (fp_line (start -1 -0.6) (end -1 0.6) (layer B.Fab) (width 0.1))
    (fp_text user %R (at 0 0) (layer B.Fab)
      (effects (font (size 0.75 0.75) (thickness 0.08)) (justify mirror))
    )
    (pad 2 smd roundrect (at 1.025 0 180) (size 1.15 1.4) (layers Bottom B.Paste B.Mask) (roundrect_rratio 0.217391)
      (net 7 "Net-(C3-Pad2)"))
    (pad 1 smd roundrect (at -1.025 0 180) (size 1.15 1.4) (layers Bottom B.Paste B.Mask) (roundrect_rratio 0.217391)
      (net 8 "Net-(C1-Pad2)"))
    (model ${KISYS3DMOD}/Capacitor_SMD.3dshapes/C_0805_2012Metric.wrl
      (at (xyz 0 0 0))
      (scale (xyz 1 1 1))
      (rotate (xyz 0 0 0))
    )
  )

  (module Capacitor_SMD:C_0805_2012Metric_Pad1.15x1.40mm_HandSolder (layer Bottom) (tedit 5B36C52B) (tstamp 5DAA1904)
    (at 136.398 101.854)
    (descr "Capacitor SMD 0805 (2012 Metric), square (rectangular) end terminal, IPC_7351 nominal with elongated pad for handsoldering. (Body size source: https://docs.google.com/spreadsheets/d/1BsfQQcO9C6DZCsRaXUlFlo91Tg2WpOkGARC1WS5S8t0/edit?usp=sharing), generated with kicad-footprint-generator")
    (tags "capacitor handsolder")
    (path /8FF5CA29)
    (attr smd)
    (fp_text reference C2 (at -2.54 3.048 90) (layer B.SilkS)
      (effects (font (size 0.75 0.75) (thickness 0.15)) (justify mirror))
    )
    (fp_text value 0.1u (at 0 -1.65) (layer B.Fab)
      (effects (font (size 1 1) (thickness 0.15)) (justify mirror))
    )
    (fp_line (start 1.85 -0.95) (end -1.85 -0.95) (layer B.CrtYd) (width 0.05))
    (fp_line (start 1.85 0.95) (end 1.85 -0.95) (layer B.CrtYd) (width 0.05))
    (fp_line (start -1.85 0.95) (end 1.85 0.95) (layer B.CrtYd) (width 0.05))
    (fp_line (start -1.85 -0.95) (end -1.85 0.95) (layer B.CrtYd) (width 0.05))
    (fp_line (start -0.261252 -0.71) (end 0.261252 -0.71) (layer B.SilkS) (width 0.12))
    (fp_line (start -0.261252 0.71) (end 0.261252 0.71) (layer B.SilkS) (width 0.12))
    (fp_line (start 1 -0.6) (end -1 -0.6) (layer B.Fab) (width 0.1))
    (fp_line (start 1 0.6) (end 1 -0.6) (layer B.Fab) (width 0.1))
    (fp_line (start -1 0.6) (end 1 0.6) (layer B.Fab) (width 0.1))
    (fp_line (start -1 -0.6) (end -1 0.6) (layer B.Fab) (width 0.1))
    (fp_text user %R (at 0 0) (layer B.Fab)
      (effects (font (size 0.75 0.75) (thickness 0.08)) (justify mirror))
    )
    (pad 2 smd roundrect (at 1.025 0) (size 1.15 1.4) (layers Bottom B.Paste B.Mask) (roundrect_rratio 0.217391)
      (net 8 "Net-(C1-Pad2)"))
    (pad 1 smd roundrect (at -1.025 0) (size 1.15 1.4) (layers Bottom B.Paste B.Mask) (roundrect_rratio 0.217391)
      (net 6 "Net-(C2-Pad1)"))
    (model ${KISYS3DMOD}/Capacitor_SMD.3dshapes/C_0805_2012Metric.wrl
      (at (xyz 0 0 0))
      (scale (xyz 1 1 1))
      (rotate (xyz 0 0 0))
    )
  )

  (module Capacitor_SMD:C_0805_2012Metric_Pad1.15x1.40mm_HandSolder (layer Bottom) (tedit 5B36C52B) (tstamp 5DAA18F6)
    (at 164.249 104.983 90)
    (descr "Capacitor SMD 0805 (2012 Metric), square (rectangular) end terminal, IPC_7351 nominal with elongated pad for handsoldering. (Body size source: https://docs.google.com/spreadsheets/d/1BsfQQcO9C6DZCsRaXUlFlo91Tg2WpOkGARC1WS5S8t0/edit?usp=sharing), generated with kicad-footprint-generator")
    (tags "capacitor handsolder")
    (path /C770F40A)
    (attr smd)
    (fp_text reference C1 (at 0 1.65 90) (layer B.SilkS)
      (effects (font (size 0.75 0.75) (thickness 0.15)) (justify mirror))
    )
    (fp_text value 0.1u (at 0 -1.65 90) (layer B.Fab)
      (effects (font (size 1 1) (thickness 0.15)) (justify mirror))
    )
    (fp_line (start 1.85 -0.95) (end -1.85 -0.95) (layer B.CrtYd) (width 0.05))
    (fp_line (start 1.85 0.95) (end 1.85 -0.95) (layer B.CrtYd) (width 0.05))
    (fp_line (start -1.85 0.95) (end 1.85 0.95) (layer B.CrtYd) (width 0.05))
    (fp_line (start -1.85 -0.95) (end -1.85 0.95) (layer B.CrtYd) (width 0.05))
    (fp_line (start -0.261252 -0.71) (end 0.261252 -0.71) (layer B.SilkS) (width 0.12))
    (fp_line (start -0.261252 0.71) (end 0.261252 0.71) (layer B.SilkS) (width 0.12))
    (fp_line (start 1 -0.6) (end -1 -0.6) (layer B.Fab) (width 0.1))
    (fp_line (start 1 0.6) (end 1 -0.6) (layer B.Fab) (width 0.1))
    (fp_line (start -1 0.6) (end 1 0.6) (layer B.Fab) (width 0.1))
    (fp_line (start -1 -0.6) (end -1 0.6) (layer B.Fab) (width 0.1))
    (fp_text user %R (at 0 0 90) (layer B.Fab)
      (effects (font (size 0.75 0.75) (thickness 0.08)) (justify mirror))
    )
    (pad 2 smd roundrect (at 1.025 0 90) (size 1.15 1.4) (layers Bottom B.Paste B.Mask) (roundrect_rratio 0.217391)
      (net 8 "Net-(C1-Pad2)"))
    (pad 1 smd roundrect (at -1.025 0 90) (size 1.15 1.4) (layers Bottom B.Paste B.Mask) (roundrect_rratio 0.217391)
      (net 11 "Net-(C1-Pad1)"))
    (model ${KISYS3DMOD}/Capacitor_SMD.3dshapes/C_0805_2012Metric.wrl
      (at (xyz 0 0 0))
      (scale (xyz 1 1 1))
      (rotate (xyz 0 0 0))
    )
  )

  (module mfrhp:SO08 (layer Bottom) (tedit 0) (tstamp 5DAA1972)
    (at 128.689 104.983 270)
    (descr "<b>Small Outline Package 8</b><br>\nNS Package M08A")
    (path /650D1D11)
    (fp_text reference IC1 (at 0.68112 -0.088639 270) (layer B.SilkS)
      (effects (font (size 0.75 0.75) (thickness 0.1064)) (justify right bottom mirror))
    )
    (fp_text value TL072D (at 3.937 -1.905 180) (layer B.Fab)
      (effects (font (size 0.76 0.76) (thickness 0.1064)) (justify right bottom mirror))
    )
    (fp_poly (pts (xy -2.15 2) (xy -1.66 2) (xy -1.66 3.1) (xy -2.15 3.1)) (layer B.Fab) (width 0))
    (fp_poly (pts (xy -0.88 2) (xy -0.39 2) (xy -0.39 3.1) (xy -0.88 3.1)) (layer B.Fab) (width 0))
    (fp_poly (pts (xy 0.39 2) (xy 0.88 2) (xy 0.88 3.1) (xy 0.39 3.1)) (layer B.Fab) (width 0))
    (fp_poly (pts (xy 1.66 2) (xy 2.15 2) (xy 2.15 3.1) (xy 1.66 3.1)) (layer B.Fab) (width 0))
    (fp_poly (pts (xy 1.66 -3.1) (xy 2.15 -3.1) (xy 2.15 -2) (xy 1.66 -2)) (layer B.Fab) (width 0))
    (fp_poly (pts (xy 0.39 -3.1) (xy 0.88 -3.1) (xy 0.88 -2) (xy 0.39 -2)) (layer B.Fab) (width 0))
    (fp_poly (pts (xy -0.88 -3.1) (xy -0.39 -3.1) (xy -0.39 -2) (xy -0.88 -2)) (layer B.Fab) (width 0))
    (fp_poly (pts (xy -2.15 -3.1) (xy -1.66 -3.1) (xy -1.66 -2) (xy -2.15 -2)) (layer B.Fab) (width 0))
    (fp_line (start 2.4 -1.4) (end -2.4 -1.4) (layer B.Fab) (width 0.2032))
    (fp_line (start -2.4 1.9) (end 2.4 1.9) (layer B.Fab) (width 0.2032))
    (fp_line (start -2.4 -1.4) (end -2.4 1.9) (layer B.Fab) (width 0.2032))
    (fp_line (start -2.4 -1.9) (end -2.4 -1.4) (layer B.Fab) (width 0.2032))
    (fp_line (start 2.4 -1.9) (end -2.4 -1.9) (layer B.Fab) (width 0.2032))
    (fp_line (start 2.4 -1.4) (end 2.4 -1.9) (layer B.Fab) (width 0.2032))
    (fp_line (start 2.4 1.9) (end 2.4 -1.4) (layer B.Fab) (width 0.2032))
    (pad 5 smd rect (at 1.905 2.6 270) (size 0.6 2.2) (layers Bottom B.Paste B.Mask)
      (net 4 "Net-(IC1-Pad5)") (solder_mask_margin 0.1016))
    (pad 6 smd rect (at 0.635 2.6 270) (size 0.6 2.2) (layers Bottom B.Paste B.Mask)
      (net 5 "Net-(IC1-Pad6)") (solder_mask_margin 0.1016))
    (pad 8 smd rect (at -1.905 2.6 270) (size 0.6 2.2) (layers Bottom B.Paste B.Mask)
      (net 2 +12V) (solder_mask_margin 0.1016))
    (pad 4 smd rect (at 1.905 -2.6 270) (size 0.6 2.2) (layers Bottom B.Paste B.Mask)
      (net 3 -12V) (solder_mask_margin 0.1016))
    (pad 3 smd rect (at 0.635 -2.6 270) (size 0.6 2.2) (layers Bottom B.Paste B.Mask)
      (net 1 GND) (solder_mask_margin 0.1016))
    (pad 1 smd rect (at -1.905 -2.6 270) (size 0.6 2.2) (layers Bottom B.Paste B.Mask)
      (net 6 "Net-(C2-Pad1)") (solder_mask_margin 0.1016))
    (pad 7 smd rect (at -0.635 2.6 270) (size 0.6 2.2) (layers Bottom B.Paste B.Mask)
      (net 5 "Net-(IC1-Pad6)") (solder_mask_margin 0.1016))
    (pad 2 smd rect (at -0.635 -2.6 270) (size 0.6 2.2) (layers Bottom B.Paste B.Mask)
      (net 7 "Net-(C3-Pad2)") (solder_mask_margin 0.1016))
  )

  (module mfrhp:WQP-PJ301M-12_JACK (layer Top) (tedit 0) (tstamp 5DAA19B6)
    (at 164.249 104.983 270)
    (path /97F07C99)
    (fp_text reference IN1 (at -3.383 4.229) (layer F.SilkS)
      (effects (font (size 0.75 0.75) (thickness 0.1064)) (justify left bottom))
    )
    (fp_text value THONKICONNNEW (at 0 0 270) (layer F.SilkS) hide
      (effects (font (size 1.27 1.27) (thickness 0.15)) (justify right top))
    )
    (fp_line (start -4.5 4.5) (end -4 4.5) (layer F.SilkS) (width 0.127))
    (fp_line (start -4.5 4) (end -4.5 4.5) (layer F.SilkS) (width 0.127))
    (fp_line (start 4.5 4.5) (end 4 4.5) (layer F.SilkS) (width 0.127))
    (fp_line (start 4.5 4) (end 4.5 4.5) (layer F.SilkS) (width 0.127))
    (fp_line (start 4.5 -6) (end 4.5 -5.5) (layer F.SilkS) (width 0.127))
    (fp_line (start 4 -6) (end 4.5 -6) (layer F.SilkS) (width 0.127))
    (fp_line (start -4.5 -6) (end -4 -6) (layer F.SilkS) (width 0.127))
    (fp_line (start -4.5 -5.5) (end -4.5 -6) (layer F.SilkS) (width 0.127))
    (fp_poly (pts (xy -2.8 2.8) (xy 2.8 2.8) (xy 2.8 -2.8) (xy -2.8 -2.8)) (layer Dwgs.User) (width 0))
    (fp_line (start 0.2 6.7) (end 0.2 4.5) (layer F.Fab) (width 0.127))
    (fp_line (start -0.2 6.7) (end 0.2 6.7) (layer F.Fab) (width 0.127))
    (fp_line (start -0.2 4.6) (end -0.2 6.7) (layer F.Fab) (width 0.127))
    (fp_circle (center 0 0) (end 2.690721 0) (layer F.SilkS) (width 0.127))
    (fp_line (start 1.5 -4) (end 1.5 -6) (layer F.Fab) (width 0.127))
    (fp_line (start -1.5 -4) (end 1.5 -4) (layer F.Fab) (width 0.127))
    (fp_line (start -1.5 -6) (end -1.5 -4) (layer F.Fab) (width 0.127))
    (fp_circle (center 0 0) (end 3.162275 0) (layer F.Fab) (width 0.127))
    (fp_line (start 4.5 4.5) (end 4.5 -6) (layer F.Fab) (width 0.127))
    (fp_line (start 0.2 4.5) (end 4.5 4.5) (layer F.Fab) (width 0.127))
    (fp_line (start -4.5 4.5) (end 0.2 4.5) (layer F.Fab) (width 0.127))
    (fp_line (start -4.5 -6) (end -4.5 4.5) (layer F.Fab) (width 0.127))
    (fp_line (start 1.5 -6) (end 4.5 -6) (layer F.Fab) (width 0.127))
    (fp_line (start -1.5 -6) (end 1.5 -6) (layer F.Fab) (width 0.127))
    (fp_line (start -4.5 -6) (end -1.5 -6) (layer F.Fab) (width 0.127))
    (pad P$3_SLEEVE thru_hole circle (at 0 6.5 270) (size 1.65 1.65) (drill 1.1) (layers *.Cu *.Mask)
      (net 1 GND) (solder_mask_margin 0.1016))
    (pad P$2_SWITCH thru_hole circle (at 0 3.5 270) (size 1.65 1.65) (drill 1.1) (layers *.Cu *.Mask)
      (solder_mask_margin 0.1016))
    (pad P$1_TIP thru_hole circle (at 0 -5 270) (size 1.65 1.65) (drill 1.1) (layers *.Cu *.Mask)
      (net 11 "Net-(C1-Pad1)") (solder_mask_margin 0.1016) (zone_connect 2))
  )

  (module mfrhp:WQP-PJ301M-12_JACK (layer Top) (tedit 0) (tstamp 5DAA19D4)
    (at 107.099 104.983 90)
    (path /9B9066B9)
    (fp_text reference OUT1 (at 3.129 -5.753) (layer F.SilkS)
      (effects (font (size 0.75 0.75) (thickness 0.1064)) (justify left bottom))
    )
    (fp_text value THONKICONNNEW (at 0 0 90) (layer F.SilkS) hide
      (effects (font (size 1.27 1.27) (thickness 0.15)))
    )
    (fp_line (start -4.5 4.5) (end -4 4.5) (layer F.SilkS) (width 0.127))
    (fp_line (start -4.5 4) (end -4.5 4.5) (layer F.SilkS) (width 0.127))
    (fp_line (start 4.5 4.5) (end 4 4.5) (layer F.SilkS) (width 0.127))
    (fp_line (start 4.5 4) (end 4.5 4.5) (layer F.SilkS) (width 0.127))
    (fp_line (start 4.5 -6) (end 4.5 -5.5) (layer F.SilkS) (width 0.127))
    (fp_line (start 4 -6) (end 4.5 -6) (layer F.SilkS) (width 0.127))
    (fp_line (start -4.5 -6) (end -4 -6) (layer F.SilkS) (width 0.127))
    (fp_line (start -4.5 -5.5) (end -4.5 -6) (layer F.SilkS) (width 0.127))
    (fp_poly (pts (xy -2.8 2.8) (xy 2.8 2.8) (xy 2.8 -2.8) (xy -2.8 -2.8)) (layer Dwgs.User) (width 0))
    (fp_line (start 0.2 6.7) (end 0.2 4.5) (layer F.Fab) (width 0.127))
    (fp_line (start -0.2 6.7) (end 0.2 6.7) (layer F.Fab) (width 0.127))
    (fp_line (start -0.2 4.6) (end -0.2 6.7) (layer F.Fab) (width 0.127))
    (fp_circle (center 0 0) (end 2.690721 0) (layer F.SilkS) (width 0.127))
    (fp_line (start 1.5 -4) (end 1.5 -6) (layer F.Fab) (width 0.127))
    (fp_line (start -1.5 -4) (end 1.5 -4) (layer F.Fab) (width 0.127))
    (fp_line (start -1.5 -6) (end -1.5 -4) (layer F.Fab) (width 0.127))
    (fp_circle (center 0 0) (end 3.162275 0) (layer F.Fab) (width 0.127))
    (fp_line (start 4.5 4.5) (end 4.5 -6) (layer F.Fab) (width 0.127))
    (fp_line (start 0.2 4.5) (end 4.5 4.5) (layer F.Fab) (width 0.127))
    (fp_line (start -4.5 4.5) (end 0.2 4.5) (layer F.Fab) (width 0.127))
    (fp_line (start -4.5 -6) (end -4.5 4.5) (layer F.Fab) (width 0.127))
    (fp_line (start 1.5 -6) (end 4.5 -6) (layer F.Fab) (width 0.127))
    (fp_line (start -1.5 -6) (end 1.5 -6) (layer F.Fab) (width 0.127))
    (fp_line (start -4.5 -6) (end -1.5 -6) (layer F.Fab) (width 0.127))
    (pad P$3_SLEEVE thru_hole circle (at 0 6.5 90) (size 1.65 1.65) (drill 1.1) (layers *.Cu *.Mask)
      (net 1 GND) (solder_mask_margin 0.1016))
    (pad P$2_SWITCH thru_hole circle (at 0 3.5 90) (size 1.65 1.65) (drill 1.1) (layers *.Cu *.Mask)
      (solder_mask_margin 0.1016))
    (pad P$1_TIP thru_hole circle (at 0 -5 90) (size 1.65 1.65) (drill 1.1) (layers *.Cu *.Mask)
      (net 12 "Net-(OUT1-PadP$1_TIP)") (solder_mask_margin 0.1016) (zone_connect 2))
  )

  (module mfrhp:EURO_PWR_HEADER_LOCK (layer Bottom) (tedit 0) (tstamp 5DAA19F2)
    (at 189.484 104.902 180)
    (descr "Eurorack Modular Synth 5 x 2 power header, fat pads and offset pins for easier soldering")
    (path /BABD3B23)
    (fp_text reference U$1 (at 0 0 180) (layer B.SilkS) hide
      (effects (font (size 0.75 0.75) (thickness 0.15)) (justify mirror))
    )
    (fp_text value EURO_POWER_LOCK (at 0 0 180) (layer B.SilkS) hide
      (effects (font (size 1.27 1.27) (thickness 0.15)) (justify mirror))
    )
    (fp_poly (pts (xy 4.826 1.016) (xy 5.334 1.016) (xy 5.334 1.524) (xy 4.826 1.524)) (layer B.Fab) (width 0))
    (fp_poly (pts (xy 2.286 1.016) (xy 2.794 1.016) (xy 2.794 1.524) (xy 2.286 1.524)) (layer B.Fab) (width 0))
    (fp_poly (pts (xy -0.254 1.016) (xy 0.254 1.016) (xy 0.254 1.524) (xy -0.254 1.524)) (layer B.Fab) (width 0))
    (fp_poly (pts (xy -2.794 1.016) (xy -2.286 1.016) (xy -2.286 1.524) (xy -2.794 1.524)) (layer B.Fab) (width 0))
    (fp_poly (pts (xy -5.334 1.016) (xy -4.826 1.016) (xy -4.826 1.524) (xy -5.334 1.524)) (layer B.Fab) (width 0))
    (fp_poly (pts (xy 2.286 -1.524) (xy 2.794 -1.524) (xy 2.794 -1.016) (xy 2.286 -1.016)) (layer B.Fab) (width 0))
    (fp_poly (pts (xy 4.826 -1.524) (xy 5.334 -1.524) (xy 5.334 -1.016) (xy 4.826 -1.016)) (layer B.Fab) (width 0))
    (fp_poly (pts (xy -0.254 -1.524) (xy 0.254 -1.524) (xy 0.254 -1.016) (xy -0.254 -1.016)) (layer B.Fab) (width 0))
